F 2 46525131 00000020 00000001 00000000 00000001 07735940 00000000 00000000 00000030 00000000 00008824 00000000 000087f4 00004000 fe2329b0 fe2329b0 fe2329b0 00000000 fe2329b0 10001000 00001000 20000000 20000000 00000000 00000100 00000000 00000100 00000000 00000100 000f1810 00000000 00000000
F 2 46525131 00000020 00000001 00000001 00000001 07735940 00004000 00000000 00004030 00000000 0000c823 00000000 000087f3 00004000 fe2329b0 fe2329b0 fe2329b0 00000000 fe2329b0 10001000 00001000 20000000 20000000 00000000 00000100 00000000 00000100 00000000 00000100 000f1810 00000000 00000001
B 2 42525331 00000100 00000001 00000000 00000001 07735940 00000000 00000000 00010000 00000000 00010000 20000000 20000000 00000000 00000400 00000000
F 2 46525131 00000020 00000001 00000002 00000001 07735940 00008000 00000000 00008030 00000000 00010806 00000000 000087d6 00004000 fe2329b0 fe2329b0 fe2329b0 00000000 fe2329b0 10001000 00001000 20000000 20000000 00000000 00000100 00000000 00000100 00000000 00000100 000f1810 00000000 00000002
F 2 46525131 00000020 00000001 00000003 00000001 07735940 0000c000 00000000 0000c030 00000000 00013d5a 00000000 00007d2a 00004000 fe2329b0 fe2329b0 fe2329b0 00000000 fe2329b0 10001000 00001000 20000000 20000000 00000000 00000100 00000000 00000100 00000000 00000100 000f1810 00000000 00000003
B 3 42525331 00000000 00000001 00000000 00000001 07735940 00000800 00000000 0000680f 00000000 0000600f 20000000 1ffd804a 00000000 00000180 00000000
F 3 46525131 00000000 00000001 00000000 00000001 07735940 00000000 00000000 00013fe4 00000000 0001c7d7 00000000 000087f3 00004000 01dcd650 01db70af 01de3bf1 0002cb41 01dcd650 2ff43000 0000300c 20000000 1deeea11 00036dc5 000000e0 00000000 000000c4 00000000 000000e0 000f1810 00000000 00000000
F 3 46525131 00000000 00000001 00000001 00000001 07735940 00004000 00000000 00017fe4 00000000 000207d6 00000000 000087f2 00004000 01dcd650 01dadbac 01ded0f4 0003f547 01dcd650 2fef3000 00003011 20000000 194c583a ffffba4d 0000009f 00000000 00000064 00000000 000000a0 000f1810 00000000 00000001
F 3 46525131 00000001 00000001 00000002 00000001 07735940 00008000 00000000 0001bfe4 00000000 000247bb 00000000 000087d7 00004000 00000000 00000000 00000000 00000000 00000000 00000000 00000000 00000000 00000000 00000000 00000000 00000000 00000000 00000000 00000000 000f1810 00000000 00000002
F 3 46525131 00000001 00000001 00000003 00000001 07735940 0000c000 00000000 0001ffe4 00000000 00027d0f 00000000 00007d2b 00004000 00000000 00000000 00000000 00000000 00000000 00000000 00000000 00000000 00000000 00000000 00000000 00000000 00000000 00000000 00000000 000f1810 00000000 00000003
